28
121
501
617
944
997
259
958
60
674
212
984
854
118
137
136
226
677
419
120
428
740
10
582
951
470
966
738
209
408
970
344
988
756
104
507
949
414
411
770
500
468
16
83
416
17
616
382
292
628
673
324
274
975
224
704
18
214
55
91
454
130
621
530
340
985
586
306
595
538
180
483
872
223
925
338
660
377
437
893
509
784
146
568
294
733
858
919
367
239
228
242
539
822
388
761
66
378
735
281
73
37
176
710
34
880
865
611
43
438
553
99
688
964
536
126
430
613
433
969
328
156
587
750
42
355
253
243
494
417
210
161
47
165
818
578
800
219
887
620
166
107
213
19
175
95
127
745
743
956
343
101
443
72
151
524
599
905
163
544
559
266
330
794
278
158
477
571
148
753
755
819
981
570
601
139
973
592
481
609
58
145
284
462
41
900
97
493
834
802
207
478
267
12
983
941
94
863
319
38
776
693
651
519
108
648
461
602
566
254
265
815
476
52
557
5
502
444
777
877
645
471
724
495
654
832
321
929
827
474
998
563
878
469
881
394
873
512
383
625
542
766
961
804
247
526
248
896
56
45
508
361
424
768
685
13
133
861
193
220
300
49
927
771
349
950
134
752
36
22
451
84
974
190
906
431
482
78
836
407
898
870
217
261
14
380
681
299
33
489
440
6
205
44
555
888
707
643
401
796
31
550
754
244
268
945
311
140
89
936
506
370
953
980
270
606
695
496
98
820
779
285
723
763
368
806
923
65
692
960
577
633
706
952
237
32
813
585
642
852
286
329
626
910
705
712
801
716
623
842
295
68
581
851
780
855
607
554
425
991
918
397
255
199
390
23
372
178
993
365
7
342
913
195
252
511
535
698
737
624
435
279
350
650
658
824
351
315
853
672
939
689
826
529
894
80
296
387
20
334
992
185
288
129
904
347
669
460
789
757
54
634
326
619
187
726
354
517
81
400
168
320
547
829
186
173
50
409
162
772
46
711
192
135
142
676
8
423
591
257
924
610
683
181
348
1
53
405
897
859
182
96
930
331
92
235
575
561
679
1000
934
954
123
612
976
177
580
603
862
576
359
251
503
384
543
816
845
488
450
713
221
907
25
649
59
860
700
426
269
114
886
680
479
943
297
838
250
379
955
715
590
105
627
492
588
831
420
332
783
615
111
655
990
314
436
574
830
298
26
814
264
466
404
282
764
978
3
915
694
87
403
116
793
792
665
184
236
371
63
497
798
230
362
189
385
82
317
39
787
322
844
154
4
817
271
103
671
452
932
448
567
901
131
622
381
717
170
275
62
808
128
653
996
504
632
179
90
465
721
325
203
736
690
525
352
234
215
472
641
774
69
208
374
272
605
446
174
301
75
406
152
122
144
518
908
825
510
775
327
393
850
520
541
402
579
734
85
790
727
657
227
124
664
719
875
946
769
940
809
159
597
532
926
746
935
521
258
11
837
600
537
696
290
138
828
797
531
415
812
778
218
398
785
668
439
206
667
703
589
93
395
113
687
375
647
345
522
560
412
291
100
640
548
150
593
392
363
434
336
823
928
467
847
316
102
287
891
40
491
788
644
999
608
473
596
731
293
811
914
661
364
357
516
762
782
835
119
856
233
558
513
194
989
995
305
310
971
791
57
112
211
523
376
160
702
843
225
795
335
967
197
339
899
204
499
21
487
646
963
337
739
841
79
514
183
527
396
346
24
125
773
799
515
948
71
231
246
386
697
678
245
229
29
839
262
358
849
149
709
141
456
458
157
767
169
280
890
572
594
256
2
631
188
545
283
682
366
67
418
708
942
931
153
889
459
903
551
604
718
373
720
15
333
307
323
27
413
701
198
979
216
475
88
505
356
263
635
807
441
389
429
143
447
552
729
260
994
833
302
663
747
360
455
533
453
64
656
391
884
167
741
304
744
857
463
933
686
765
883
916
109
486
164
728
115
445
51
222
868
562
171
722
937
732
117
805
313
652
618
725
912
584
289
273
636
308
781
730
867
549
238
422
432
498
917
155
303
556
629
972
464
684
490
920
312
341
74
714
172
902
528
639
196
871
241
110
276
947
670
866
810
892
959
786
909
202
147
922
614
201
748
758
759
874
86
485
846
309
369
77
277
637
968
106
864
962
399
583
534
699
484
921
70
760
938
666
232
565
61
803
457
427
987
982
249
35
638
540
421
821
749
598
977
662
965
76
480
410
573
564
353
691
848
659
240
742
546
911
48
449
876
879
895
200
569
957
30
882
869
442
986
675
318
191
630
9
751
132
840
885
