9329
6375
1438
6608
7871
2691
8275
35
4740
6449
9725
9399
6748
2762
9808
5674
8994
5998
353
7386
2492
1382
1597
3771
1177
68
9894
3400
3916
6864
3887
7341
4848
5156
3816
1959
7369
9659
1376
4971
6220
1543
5309
7933
8070
8103
8882
2944
107
9069
9616
9685
9862
7526
416
6255
4090
3320
4204
1867
8887
5374
7803
3909
3326
3148
7830
3839
3715
4654
6962
7432
2586
2451
8012
3922
7744
3286
2980
488
4435
442
4639
2680
9276
9210
9923
8510
152
5249
8005
9372
4257
4177
6173
1790
3604
1144
3223
4318
3769
2252
4363
7909
1338
4743
4068
3643
9321
11
5870
8759
2426
2902
624
6308
5938
2393
6128
1734
5217
212
2194
8776
6013
7922
7633
3520
8538
4413
8533
5347
8093
6393
5744
6396
594
634
612
7566
7308
6187
7457
6912
7275
1571
2217
2811
6077
6144
7643
533
7366
4581
3449
9106
4755
9305
9380
6738
66
3979
5119
6452
7441
5304
1264
6012
9860
805
6666
3386
2630
2954
4704
1666
8016
2154
3279
5885
2731
3739
711
9046
5391
5227
6020
9988
3227
1207
9746
8056
5773
1860
150
1184
9689
4496
8649
5760
8976
7816
7014
1293
6505
27
8414
4420
6243
3538
6113
341
8271
1667
7540
5314
2142
2745
2882
9645
2629
2304
3733
9443
5647
1982
9768
1072
2719
8981
5829
2439
6975
9317
138
5530
9287
4551
4143
993
2955
5279
5591
3296
9063
1877
5457
9522
7267
2146
16
9627
5594
6272
26
8636
5793
7311
796
8781
4267
6827
4117
3870
4450
9720
1214
7163
1088
4472
5321
5301
3689
9766
2034
7516
6994
5995
5701
2190
8621
404
8279
1340
5148
6491
6074
4122
9094
9956
3645
2538
6571
5451
9009
5747
4004
3403
485
3462
1192
2327
1111
3272
4828
7578
8204
2436
571
3453
6036
6084
233
8252
3413
8578
5693
7588
6775
7318
5458
9932
3008
5532
4032
3185
7291
8441
8828
5502
4616
7981
3299
5257
5809
2241
8331
3752
191
1601
4916
8577
5782
6485
9206
4481
3252
6097
7380
7005
9331
1010
210
1167
249
7396
5858
9389
4599
3588
9767
2122
1208
8413
1794
6655
496
8585
4794
2545
9770
1426
687
9811
9367
6496
5266
8603
7124
1462
6688
3562
6973
6882
4372
4084
3490
7748
3843
8132
8724
3890
1032
7951
6121
6546
9893
1745
3486
6273
4173
8083
608
7265
141
2826
806
9033
3492
3578
5688
686
1298
8221
3776
42
4466
2198
6917
9701
3221
3189
1155
1757
5205
9951
4945
2396
3327
641
6355
5871
5017
2213
5752
5500
799
5095
3682
8297
819
2575
2989
3705
7454
8572
563
4269
7675
2693
4176
9493
5417
9707
2595
3496
7429
4388
1963
3577
4505
164
4347
2549
1861
2256
5020
6705
5130
3891
3493
7685
6860
8043
5967
170
123
4638
9430
6646
5004
2559
7655
5282
9617
6044
6809
4992
7593
9201
3826
7095
1613
3883
6845
6533
8693
2170
5159
3141
9857
914
9794
9320
8890
5883
3701
927
3531
1017
148
8386
8092
2590
9421
3140
6167
5691
1617
5767
9207
9583
4731
5021
6897
8877
5400
5675
8813
3334
3875
1472
8063
9004
4604
8872
7996
9780
291
6118
3635
12
1381
1455
8013
9958
5176
1711
3029
7296
9858
4967
6224
8170
7962
6059
2067
5067
7829
6519
6615
9118
6701
4881
9877
1750
1446
7098
1516
5397
3592
4763
2025
9156
7645
1175
6126
5927
5193
6755
2880
6752
4989
4456
7427
9237
3699
309
5029
3138
6923
4694
3173
3479
7794
4319
7875
3527
1355
712
9921
4237
2551
7874
904
1756
8913
3807
9336
2977
1974
2905
4345
5814
231
4331
5454
4523
1049
1171
6217
5195
4926
4882
7247
7026
8111
9240
1413
723
2141
1137
9888
5369
8658
8688
1621
6542
1097
6175
8914
6709
3655
1410
8440
7075
5396
6345
7596
5572
4349
4960
1283
4368
2852
7376
7349
8106
7364
9012
8292
8071
7608
1948
3536
6459
2236
6506
1006
3933
8680
5951
5069
831
2461
8571
4146
8735
3646
2970
1453
2153
6279
6219
7146
5833
3214
3852
2362
4512
1343
7325
6018
4870
5738
6328
3591
53
4103
3900
2671
1898
692
7360
1286
6557
1053
5836
6806
6574
3854
5515
500
3013
2485
5571
3656
8770
8826
102
2644
3465
2427
6929
225
811
4342
1459
2021
4082
2415
4404
8495
4212
9903
5350
9876
4348
4233
8623
9974
4123
2940
7780
301
2947
2161
9122
1106
6551
690
3671
6906
7762
7303
9644
4185
7160
8509
5430
9949
7389
1965
9217
9980
3872
509
7940
1419
8514
2311
6435
3571
3340
9733
2740
7374
6245
3022
7339
9196
3016
6630
7309
5305
5663
7848
3868
1581
5812
7234
1316
4309
7901
8309
8261
2015
843
4538
4798
9687
5579
7892
6955
8175
3518
1398
9091
4225
3116
3339
6872
4965
6303
446
3470
3190
4915
217
7898
5564
753
228
5609
1908
2109
4519
8974
2744
5980
7752
4608
8793
9407
9352
8018
7663
1989
3691
1894
7185
4070
1726
1951
5434
5529
2603
8222
5107
5977
8985
3446
1165
1399
6779
6425
9151
8606
618
1641
5976
9096
8705
8765
7600
1752
3659
2895
4990
3876
5025
813
6466
2193
3101
3503
2358
8141
4823
9314
4273
4375
9606
8786
6967
8066
5734
1368
8408
9326
3219
5441
2550
665
5445
589
6373
6805
2791
4465
2023
5006
6524
6998
6901
5567
4908
8341
9236
1215
245
4256
2097
1952
8419
1094
5802
7800
4715
2935
2755
4301
9675
6814
3951
1490
2635
3569
8219
6951
3505
9077
3472
803
8124
660
5924
3005
1409
8895
4660
6558
5932
3075
5040
469
6817
3930
9250
2334
6176
5716
5150
6934
9831
9242
607
6037
3225
3026
6976
4007
8379
8090
9885
4433
4565
3497
518
758
3267
1691
3361
5819
2953
7415
1954
6960
436
7024
3440
9886
5142
5506
5429
1815
1748
1698
5954
3337
7905
9977
4851
3542
3519
7756
4758
8248
84
7805
3787
2660
2515
3554
8773
2073
6178
3062
7082
8117
3658
1958
2857
5334
8619
4370
2555
9243
1315
1533
9178
9368
1415
2029
274
2058
2052
1277
7122
3300
6457
2185
1591
7964
1809
3593
7307
1349
8104
724
9357
9942
6689
6320
6718
3242
3636
2756
31
4109
9821
4201
2929
4244
755
9904
8811
5358
9315
9661
7802
5306
4921
9167
7727
1078
7118
1600
6527
2130
9486
1195
4824
3801
9791
715
1202
9658
9745
4266
2328
9138
8315
5134
6486
3043
1284
1457
7880
3621
682
1960
8251
5187
1507
2640
8304
7681
1119
7183
4601
6090
2724
5181
6832
756
5996
2366
1768
5907
6463
2699
7294
1064
9228
7770
8637
7263
4018
8548
4415
408
9662
3475
1227
6154
6135
9074
3163
3444
622
7687
8675
5453
6536
9805
8896
5684
8169
4995
370
5541
8374
4246
6354
4355
7266
7348
2546
9983
3509
6202
4334
7897
2129
3135
3514
9924
6953
8231
833
6873
9110
5700
7039
7751
9485
7823
4118
2342
4464
9062
1501
3815
4424
5629
3379
3718
9508
8137
72
5337
8239
8241
5648
3439
3151
9849
4139
9931
9642
2871
3971
3972
9966
1309
631
7489
9085
6599
4984
2518
3510
209
8617
255
4369
6946
1672
2879
4162
8157
9019
3709
8435
4900
3179
8427
3288
270
8499
8728
1708
3077
7537
6580
5561
7069
8000
8854
4979
4112
3257
9639
261
495
4344
3474
2747
5852
6278
8903
424
7245
9179
621
9049
9008
3213
7555
9363
8764
9776
339
7615
648
311
3728
2606
6932
2117
4817
6743
6683
5125
8072
6612
1306
9231
4852
2946
6364
3415
4838
6356
324
1147
3524
9769
1136
8490
6616
9358
2659
1174
8273
5679
7914
9300
8867
939
3314
5624
3590
8556
7850
9678
2441
8095
3083
2875
7969
8749
2973
4311
6462
5127
6199
1612
3096
4785
4397
959
5632
1391
8613
3153
1080
4209
8073
7170
4584
9735
4386
4022
4981
3504
5442
8146
9050
7012
3865
7517
6270
407
203
6477
4443
8900
2779
8049
1330
4276
1447
3283
5957
6136
7624
3360
8375
6687
5087
8560
5680
8403
9454
4300
7057
2939
7628
46
6385
5180
5627
6789
6267
377
1317
5221
5618
7417
3630
870
6403
7714
2611
6654
2428
9347
5226
1592
6874
3376
2599
1431
4701
8332
734
9515
5520
4378
5141
2539
7260
5939
6458
5245
7251
3573
4518
433
1441
1009
283
3796
8806
2356
8827
3931
4009
902
8662
2833
9917
9400
7577
6204
9880
8326
2202
1489
7107
2189
5952
7935
9154
5005
4382
6861
7353
9181
9292
399
5394
579
5703
8388
3478
8229
8489
7018
6754
5207
4285
5365
9465
4693
6867
1990
620
2261
1658
29
8465
3118
1016
4164
4922
3853
2584
4014
4141
5468
903
6383
8479
672
9139
6110
6622
1511
7425
3731
8876
3385
1003
8054
2395
8717
1519
562
9133
1656
95
1663
1936
2911
5482
6000
5346
5056
1926
1900
6671
3167
994
214
3249
4148
8769
2994
5713
5893
8306
9915
4760
157
8848
9526
4252
7999
4719
2381
2669
557
1987
2180
2297
3881
7452
2717
1269
6831
9404
8188
3165
7779
9064
3627
3297
3526
3841
4296
7037
7399
9036
8860
1263
6421
6433
5080
4395
3406
3988
4434
9739
3261
4713
6413
3416
1222
9744
538
2148
1471
1233
3788
2445
4865
2038
1921
6227
9810
3452
1676
9013
3690
3914
9637
7391
4944
3609
6944
6751
4462
1371
8277
8214
8422
6921
1980
3528
4868
4452
7479
1015
2258
1185
4087
867
2096
4649
8902
782
5220
5554
167
6602
3106
1821
6264
3218
2403
264
2591
5953
7306
2700
3460
2145
3704
4747
4590
2999
3104
6859
7824
2806
4137
4019
3160
3755
6663
8295
7903
4726
9985
1950
3208
5800
7992
5376
1266
2847
421
7833
4850
2801
244
6091
1013
2004
2199
2364
4542
9714
3882
7439
2099
1054
8086
5973
8300
1741
5644
3765
384
8260
3060
3467
659
2496
1300
3419
9713
3698
37
1084
2214
5075
4381
3303
1979
7804
5487
5669
6697
2080
7292
3560
7290
9391
3191
5165
2692
6117
2093
5635
2522
664
6764
3962
2730
3020
3858
313
2365
9830
103
7857
1359
3238
899
695
5633
454
6823
4732
2768
8217
7363
7865
1429
9569
460
2864
5336
4059
4541
1112
2017
3019
7212
7011
6963
6062
2164
956
8930
472
8431
5592
3965
3574
5101
4973
7392
6455
6494
4125
8432
2005
7501
3404
3431
1928
6992
4566
7730
2850
4384
7637
2657
5208
7172
3109
1363
3680
4366
5902
1628
5145
8011
156
2414
529
1260
7327
2869
5228
7418
1491
4744
403
5903
3220
8257
1311
3041
8955
1420
4511
3532
4876
3262
9494
9477
8475
218
310
3122
931
9631
8400
5755
578
2476
5641
6002
5366
9657
6694
4969
8968
4781
9833
113
6573
8915
2898
366
7323
9702
4563
198
1005
2975
6925
3209
6093
1302
6026
532
6928
5949
2840
2278
2634
689
5948
8330
2781
2632
3057
7604
5982
7256
5068
1037
7262
5070
1331
418
4885
4265
5724
6362
1169
9538
2517
230
3687
1287
7521
674
5351
2280
3458
4957
303
9792
6260
9638
273
1895
6394
4955
7754
7536
3789
9349
7025
7677
8614
7584
9109
3091
9042
8362
7235
449
3685
3863
5022
8296
581
8247
7782
6432
8853
3282
2238
2838
6056
1560
2627
7682
5991
8180
5727
2701
5335
6288
7456
1240
1687
131
327
6424
6040
9473
401
7747
4950
3275
4682
613
6898
3803
3579
5477
2325
5246
4924
1967
2842
99
9434
1342
6292
6266
8645
5488
4585
3747
5535
4633
4786
9991
5971
7013
6419
6177
4155
8551
5034
9032
519
1096
610
1100
3149
9022
8361
7781
3557
8144
3768
9999
9204
3494
4533
9117
8493
1048
7597
6247
85
6942
3023
8627
4071
7592
5607
7361
9045
1051
5719
8389
4833
5484
2742
5492
9953
6073
5043
3302
2245
5281
3607
6651
7942
8133
3079
4861
7587
4134
9273
9057
944
7237
6548
932
1328
8487
3359
4111
3488
1522
5619
1679
9580
3425
2158
6165
9411
2706
2293
8894
709
2370
6078
8210
7373
6377
5616
6948
2453
7090
3534
3239
3069
1076
7749
6725
3974
4927
7708
5093
5637
8149
4768
757
1977
3392
9600
892
8807
7121
6096
7083
3516
7799
5590
8496
5364
2273
2956
1808
4685
9796
4393
5608
4561
9484
2930
9026
8858
65
7837
3292
3315
5961
5557
7737
9014
9107
2775
2689
8009
7731
1440
545
639
8740
1520
8711
6434
5297
4074
2285
6180
8220
6189
2479
8446
5229
5875
1047
3231
925
5293
5197
7508
9183
1011
9582
1731
8076
8002
5011
3102
7885
4679
4544
549
6340
9180
2931
9603
6295
7530
9883
9756
5389
7023
524
5705
8390
6445
1915
7497
9581
7337
983
749
333
7043
8569
5614
2500
8314
1369
4249
4818
5698
6871
7126
9011
8964
9624
7642
6594
3720
9961
1285
297
9922
6470
3110
4853
5825
1210
2044
7061
9147
2769
6441
8673
7929
8576
1537
3469
6736
5733
7883
1061
3688
2739
4554
2673
7666
4277
2470
8449
2127
706
9715
733
2614
9530
5816
321
2495
6535
6561
9238
4106
3555
3935
8364
2013
8167
8687
5913
490
1086
828
4308
4088
8136
7054
6426
5879
9365
5778
574
3054
9127
3748
3382
1386
6761
1170
6596
8017
7868
1909
9097
7078
8506
4942
9140
9695
6083
6431
8696
2276
521
871
5536
6529
575
2086
1802
968
382
3204
8434
7849
8559
1176
7268
3770
1810
8568
4619
8591
3354
2758
9812
770
6532
7214
220
2817
6595
9969
6291
5509
909
9900
3827
9551
8359
3434
4310
3737
4166
5650
1772
6700
1142
2055
5514
9563
6076
4708
2002
630
2152
7938
5628
8557
5223
2711
8763
7707
4377
2385
9343
4549
8708
1645
4091
21
8951
3097
1866
8174
4486
4298
535
8484
6140
3727
258
1888
3051
7056
7222
9643
2830
7684
3735
6048
7729
6293
6098
1619
4966
1069
232
9545
6841
8474
8946
9601
6565
5580
7915
2785
8939
9864
1759
1370
7741
2743
7119
1762
1665
693
76
5014
7899
5671
2504
1769
8078
5623
759
7112
6857
3681
6650
5475
3993
8053
9149
8458
1126
8819
8991
989
1782
1223
8758
889
9612
194
250
9629
1577
5884
853
5028
9098
4485
6028
8289
9507
3088
7769
528
4845
3433
5929
8834
2144
2345
4897
5362
5407
5013
884
8810
5284
3943
2734
1842
1190
6531
1513
3877
5923
6025
5788
5876
9731
5837
483
2126
4437
8712
4734
1911
2419
1855
2823
6838
3683
4887
8630
1056
8094
7340
2016
6374
308
3289
564
7972
7000
3956
1897
4860
1885
2472
6253
4190
656
3166
8317
7648
2270
52
6043
4738
1341
2848
1969
4934
493
2580
1851
5928
3836
4167
6014
697
2188
1205
1042
5796
5497
280
9892
3235
7436
8852
9298
7698
6739
8616
9552
3910
3644
8052
6621
7357
6935
5250
6330
5189
2849
2925
1085
9020
22
2581
6949
5278
816
435
5516
5460
3871
7908
8969
7887
5820
1580
5692
2519
1193
967
5781
1556
7248
7985
8369
9814
4115
3441
7148
9311
3152
8944
9100
146
9680
9989
8151
7858
7087
4124
5612
7818
2143
2347
5769
5310
5533
2534
9512
1816
7329
7937
3258
4049
5256
4919
9654
4820
375
5962
5611
7116
8143
5522
4055
3046
2469
6103
8181
5613
9492
6699
8601
984
2995
6309
5010
7980
3814
2688
6568
681
2986
5653
5038
1630
317
3260
1323
1339
8166
182
9549
8155
2354
6800
1740
3694
6560
7511
9861
6197
2535
4235
2763
6071
670
7478
975
1063
3948
2404
5534
1150
1488
3137
7096
8232
1484
4247
3207
2573
9820
5420
3310
6556
9479
7016
1081
8977
3269
5560
3860
2375
5855
6252
8276
2065
438
1244
6502
5419
3941
2288
6577
9319
4779
4206
9449
5545
55
1163
6971
6649
1557
576
9636
1493
717
2732
5426
8829
5467
4677
3445
2262
9005
5699
1499
2386
4147
9450
5428
9844
5573
4197
8698
4002
7151
5839
9933
2118
9828
5463
7618
8631
7102
1001
7288
4497
7276
4231
846
3158
2383
6677
2547
5974
8480
5333
7195
2309
1538
8682
2674
5474
5562
5143
7343
3686
4766
2027
219
6746
1258
8683
4061
8732
373
9916
425
1334
3595
5748
6007
1407
6644
844
2513
5016
9247
5849
2008
3295
3172
8575
6285
3786
5988
9803
8395
5731
3099
7690
9070
6055
4140
1514
6834
824
3134
8672
8128
8160
9912
5385
9573
8957
8102
114
3791
5645
2521
10000
9537
6601
3450
3838
598
4606
6221
7252
8130
2601
7676
4710
9741
9189
960
1634
118
4780
9994
9737
9145
2877
7572
7233
478
9289
3508
9382
9628
6945
6511
6454
2607
3390
6652
4532
2112
8719
1295
4441
9414
9362
3370
7834
3805
5452
4946
4737
3772
6489
2565
5353
5790
8778
3456
2625
7084
8799
5504
5968
2790
8788
7446
7510
5994
7984
3825
8952
8189
8051
9451
8029
3758
9559
5091
5328
3002
5201
5823
5834
919
315
9853
4258
9495
3717
3647
7142
3113
9010
378
6061
4394
4057
5831
1890
4778
3368
8426
7763
3174
1230
1038
856
4593
8555
6598
4203
6735
1041
8380
1697
8417
7243
9804
4027
139
7215
1388
1164
1022
9783
9847
3633
9585
3795
8498
7344
5404
2653
9511
8485
2208
2579
5152
8186
8355
6065
2663
9212
8243
7258
3131
3168
7110
3568
9257
8537
7610
5392
352
7409
7140
4547
2813
8597
2402
6369
3605
543
3293
3461
7400
9500
1396
1492
6777
8383
5969
9982
6139
9121
7430
1508
4525
14
7507
9634
8264
8563
2528
7851
6660
1496
4630
4986
3111
2341
1451
1975
2866
8270
312
5892
6262
8624
3713
1527
5780
3741
6497
4948
7889
1653
3840
2710
1201
8550
7244
4283
363
1797
6475
2890
2168
1664
7943
2295
6
5523
5345
7573
964
8267
7019
3734
4339
5575
3007
6947
2628
7722
4509
4336
3986
5132
6203
2490
9663
9609
3322
5922
9936
4477
6516
7447
10
8542
2083
6720
8082
3761
5456
5382
2520
8385
3309
1838
104
649
2066
7147
6184
9736
7492
7734
4963
6662
9651
551
143
2715
9377
8163
7575
6726
6384
3125
8905
1847
193
5466
1319
7817
8302
8741
3994
938
5065
455
1924
3697
9424
3017
4289
2751
691
3042
5469
4403
9655
4351
2197
440
2540
5406
6003
4627
3628
9478
474
5427
3448
6235
6782
6728
6790
479
566
350
7397
9291
7990
7979
2092
3949
2527
7893
6125
1449
5813
2998
9718
4548
7546
3489
740
5449
7443
3501
3676
1305
5986
6909
2088
2856
8824
597
6503
5122
2078
5170
7367
9751
4825
1706
6004
8454
227
9417
7382
1062
8942
8822
1554
9987
9274
4591
2767
1747
1469
5746
5904
334
2471
5412
8661
4920
263
827
3358
3661
129
4759
6009
7470
1468
875
8015
6311
1814
1946
5112
3817
3298
8531
7654
2985
8934
2264
8462
6251
7840
3634
2656
6259
8524
1643
2338
2355
7766
5868
2924
4241
2714
8004
4405
5094
5185
6885
9955
9095
7646
3018
8080
2244
5479
4958
3750
2018
7623
7946
1570
6416
4687
491
4886
2473
9928
2560
326
9427
504
9536
4400
6539
9895
1523
2098
9693
4555
5930
3028
3773
9944
6918
957
2892
6379
2561
2805
1494
3040
3711
3832
8998
6029
9566
4821
4011
9177
1057
2668
5109
7301
7841
5920
3530
572
7165
908
7003
1773
3380
3338
3757
658
2274
7149
8945
5583
9393
1301
6190
1999
9355
7250
9130
4476
1953
9079
319
2926
8152
4788
2906
3217
7073
1572
6691
1730
1132
9341
6586
9308
482
2900
2960
9148
4383
8586
785
8772
2695
2832
5770
1235
8453
6023
2125
20
1141
8938
5742
3178
73
8265
4724
9388
7934
2583
3201
8001
5749
5097
7100
9887
8654
1938
842
1012
9344
1139
6333
8757
1052
4116
3409
3696
9083
4964
7710
720
3032
9392
1886
3384
5759
1724
6964
2578
6066
6390
1563
4272
4350
268
7614
7091
8340
2220
8223
3959
2594
2979
4498
1299
7310
3759
5261
2175
106
6613
991
7581
633
4722
2969
3264
966
5042
9579
186
5470
2687
8760
471
9162
3692
1110
4530
547
8477
716
4810
6122
8880
8045
5173
9044
6395
4398
5553
2588
3068
9960
9726
3716
5202
5850
6849
8620
364
510
7490
1957
7678
601
707
124
3525
9348
9843
9086
7398
9498
5604
242
2233
9227
6537
5578
5720
6826
1098
1166
609
546
3581
1162
7810
9174
5981
5155
8684
9570
4588
7939
1720
5664
4362
4607
2976
8376
3539
3903
5712
5917
965
7191
5730
7711
9137
7176
4093
2242
5735
643
6848
5863
4670
5413
951
9285
3247
6618
4637
6881
4385
2413
986
3857
1784
8033
503
2259
1868
3848
1966
4749
992
3234
9224
9480
5320
4468
9436
9383
2227
2754
7568
9066
4270
9134
4292
8249
4528
9677
160
5082
2774
8356
2430
3321
1671
2809
2787
3335
5448
3052
4451
468
7141
8752
1116
2705
4515
1107
6766
4692
9503
8979
8970
6972
4423
3923
430
6317
2886
5473
6719
1191
996
8815
5308
6667
3435
9575
108
6843
4658
6312
6256
3880
3885
208
900
2662
1972
2322
688
3823
7673
7890
8651
7719
5483
1566
2818
9890
2841
1943
3702
9926
4114
6392
8010
8059
7822
7472
7836
5459
6339
4418
6169
2308
7384
6205
4499
675
4052
2541
5342
3798
4872
896
4603
1546
536
8303
8233
4149
5139
3677
4672
595
1344
5525
1539
205
2435
2406
4294
1336
4736
6732
5997
2387
1690
9807
4573
1586
5842
4974
3981
873
2874
1918
3700
6086
851
1153
1875
9738
1694
7413
2314
5352
2051
423
7793
4430
3746
7293
9293
7486
5299
6750
4328
2303
9874
3192
4099
2766
4569
2234
6592
2933
3517
874
5108
1414
9193
1406
9000
4230
3276
1651
1984
9323
5455
6528
8173
9578
2346
7423
1774
9375
5105
1661
5751
4843
2281
2876
9586
1907
2400
9068
4129
6753
752
4792
9945
9324
7230
9594
450
2298
1065
8931
7242
3924
8447
1707
2794
8407
4696
7411
8283
5199
2867
6798
2548
7321
175
2421
1618
4227
637
3398
9539
4801
9111
9447
2160
5003
354
7671
6509
830
6702
5395
8736
6555
1920
1014
8392
2210
7404
5050
7034
3855
638
3378
6258
4183
9105
1623
4567
9910
4279
8553
6840
3668
78
3094
6995
5524
2300
4513
4048
7326
6559
3760
9222
5646
9748
1662
7745
1321
3955
8798
985
1607
1241
9927
8062
9301
8534
5667
6620
6179
5378
4193
841
2741
6287
9205
5661
2512
432
6609
7154
8956
2897
6795
7505
7541
3103
1122
2468
8898
8284
8121
7798
7977
2082
9940
4994
4028
3410
2736
188
775
4671
6047
3639
347
1579
5027
9665
2626
5237
5051
1598
4595
7358
259
4583
4635
394
3473
9446
7921
1160
2269
1786
5401
2433
6684
2206
9978
9790
3170
1683
8047
8984
2881
2374
5754
5239
9884
2957
981
6319
5652
5869
7562
1829
8721
8774
1040
1536
4474
4085
1914
933
9618
6092
5088
3723
4043
7467
2438
2570
8768
499
8456
2279
1796
5203
2865
554
91
2799
7330
1906
6257
4390
3254
6797
1576
4589
3502
4889
1154
6952
3806
15
8378
4184
4107
5461
2302
7123
7488
8816
6332
3989
7205
1265
4864
9996
6902
1850
3301
97
8397
9429
5332
6439
9747
162
6035
19
5243
9428
9712
2020
840
3066
8184
9795
6624
3666
5993
2277
2429
6745
2391
173
202
9825
6348
5807
1839
2037
2061
6787
5797
2543
3670
7206
257
3333
1248
7703
6550
9328
719
7393
4001
8936
8635
5620
6729
3210
7211
5106
9136
9437
4422
6696
7199
7882
8299
4436
2648
7152
1059
2483
2343
8803
7721
7950
1303
6397
736
3835
1685
3779
7867
7036
7961
7127
4912
3387
7431
1194
9101
1941
88
9333
6903
9084
8737
4929
6404
7351
9444
3904
1615
9187
3550
3615
9245
954
4655
9818
1275
2159
8600
8582
7621
8436
3964
3347
9750
5083
9793
2333
6123
4797
3308
5464
79
4784
9453
626
2079
9306
5329
1071
1654
6756
3804
9209
4723
9082
4592
4602
2489
6908
5322
988
8444
3180
8351
6811
5990
6727
9039
5274
325
387
7959
3861
5302
1365
9435
8418
6129
7976
9225
2048
3164
5089
9143
9439
5092
7862
4956
7450
8242
1660
4594
7925
8549
3313
4961
872
4020
5576
9908
6930
5154
3243
6788
2553
1770
789
3222
4069
2726
6448
1775
6228
115
5462
2675
2815
4718
2465
5955
8855
4268
4038
5355
9198
8008
1093
6081
9401
2836
4537
4659
2938
2147
1250
2253
1332
1379
8468
7097
7529
7156
3256
5728
9356
3576
1863
5116
3025
8294
9481
7679
4678
774
9469
792
5543
2380
4491
9034
3123
3362
4527
9024
385
2585
6241
8159
8463
2301
8226
5450
6365
8580
2225
4837
9506
5617
1412
6349
1701
5972
7877
627
4152
3277
1450
5539
9235
4475
9412
6669
6141
1225
835
4686
4811
9047
3932
8907
286
4727
977
2552
7960
6151
8416
2786
3418
8254
1801
1220
6001
6016
2292
9248
1204
8185
2888
2843
6625
2737
2184
3476
3345
6522
9576
8906
5906
4789
7617
7346
8381
24
6523
5491
3436
862
5877
181
8579
1182
7482
6438
8455
9775
8325
4636
7194
4620
1616
3792
8935
2287
2993
4970
6401
5677
8971
1880
2587
253
6225
7159
913
1498
3884
3495
7931
480
8307
9647
8195
935
5894
663
9141
5886
1836
7947
885
5970
9030
5984
4216
6088
5676
2641
2757
1211
4787
6181
2440
6793
2014
9067
4902
4698
7582
3921
1767
5103
61
3997
6892
6376
987
7300
1117
4928
654
3897
4618
8023
5104
3862
2712
5117
8589
151
8488
9679
3809
7906
1346
5236
2046
4299
1795
1267
2638
4051
3487
1931
3412
636
8411
4017
3357
2596
3719
4629
4428
1692
8701
2904
285
9838
1384
6186
1445
3147
5190
6381
3463
8605
2268
5098
3058
8967
1433
9574
2934
6042
2612
836
9501
7143
9366
4791
9269
410
3650
2006
7740
945
236
8841
92
5439
9649
2047
7246
7115
2658
3186
561
640
8162
3706
7487
2655
6429
7674
7765
282
970
1655
1846
7560
226
7080
7630
7031
8058
9433
5658
5111
3999
112
6442
8398
1486
4720
9464
7064
2131
8280
5371
8505
39
5113
6878
5729
7403
5566
71
4874
9505
276
677
6886
3480
8632
5547
5946
5007
2128
2162
7520
9232
5084
9397
3196
5815
4982
8177
9403
6282
4841
8101
6335
7221
742
6057
1820
8962
9418
5786
4034
4380
361
2296
4449
7936
6538
7620
3594
8415
2770
3171
7029
5601
3248
4940
8762
6661
9632
2807
9200
2108
2216
4582
8801
3067
9870
6155
587
1395
2987
3417
8891
9599
2432
3323
9708
8722
7994
8504
7458
807
4288
6017
5031
6041
1541
1482
7070
4890
2183
8792
1087
6164
5888
4029
5231
7493
8077
6983
4224
5966
2251
422
3307
9801
3161
4391
7967
9602
6132
3049
9840
3587
5158
4471
1198
550
5934
2477
3157
5046
1879
4665
9584
1696
2157
5510
467
1848
3738
2959
5192
1024
8253
4000
9142
6704
9381
916
750
5763
8574
1603
243
6447
3521
8207
2808
7424
7958
7661
6999
1827
6325
858
8581
6721
7336
2306
3128
1854
882
2071
8706
7845
3973
769
5138
3603
4771
5035
8494
1443
6386
4520
9753
9452
1043
6641
6762
859
4120
7533
1408
5061
4802
3365
4546
4553
7342
8442
3614
1143
5403
3375
5168
2003
2569
2564
8812
459
8535
2782
6142
4765
1394
1637
1280
5771
6358
8198
3616
9112
5440
1173
1271
7362
2696
6597
4174
5268
8328
9192
5803
8171
6858
1439
8187
4735
7778
3845
4574
1345
3878
8522
9652
3966
9852
8405
2384
7419
3383
4239
8641
7465
5480
3982
8164
1916
4711
7809
6769
4046
9302
4623
5593
3003
9445
5044
6887
1561
6360
4642
9386
9660
1994
6818
2480
9463
5654
304
1552
1361
976
800
4628
1390
346
4545
5859
1659
2317
1528
9184
2759
1073
7900
6341
4026
4605
7059
8941
1732
8656
4774
6582
8850
4911
5890
9017
5640
3794
8695
5372
1485
2456
8642
5235
1995
2401
3927
676
476
6310
7444
7231
1998
6099
3424
5172
5840
4695
8566
4121
6359
3331
189
8783
9871
4697
6019
25
5639
9911
650
6430
6733
1669
6326
4830
9696
8562
917
6109
1152
887
6265
667
2617
2853
6112
9120
3073
2104
9171
5214
6900
8228
7697
1291
2529
9230
4517
9090
8644
922
1478
2919
5512
7659
4263
3851
7161
8777
565
2069
7378
8501
2665
4432
6833
8200
2410
9882
9763
4936
7412
1558
8963
6472
4322
9199
4156
128
441
1337
8839
7563
2620
1068
1614
729
8723
2602
9963
8823
6471
3749
6261
13
4290
2444
3228
9457
5649
6643
6865
4688
1644
393
5910
1278
522
8692
4013
9360
9384
120
9426
7696
4282
1385
3920
8467
3724
9497
6051
8209
6195
307
1432
3280
4438
9396
6469
7135
5789
560
7827
5496
869
7298
3866
5895
9002
8917
7919
2793
9598
272
8870
3551
4040
4836
7669
1075
6924
5779
5880
2361
2121
271
4807
9268
8227
5643
7844
9420
3459
7092
6024
1161
8491
5634
2423
2462
9668
7680
5074
1883
1751
8310
2651
3867
9472
3736
2379
6978
5222
9252
8525
4333
8865
1722
4854
6770
7625
569
4113
9499
3544
2572
730
4954
7904
4739
6771
2996
4888
7509
3092
7010
585
4195
9406
5622
4275
6600
6534
4440
6067
3115
7657
1684
7760
7622
7750
4303
7395
1716
2457
5124
8709
9158
9562
4187
6387
6237
6632
5398
2667
680
4284
3810
7302
4280
235
3802
9604
6060
3572
523
8384
6316
4814
3575
2918
7408
9423
6327
2558
929
9275
5817
1625
912
7145
4707
6698
7603
4039
2765
6138
6637
8107
9456
1688
1281
2299
8293
3290
6776
4448
8702
7132
7918
4610
4159
3833
7607
1910
8126
1031
6846
615
8863
7982
7184
2348
5060
2422
7723
7197
5999
5086
9509
1217
5772
6958
9674
465
6030
7038
2063
9630
2369
9197
2508
5030
4993
2531
2708
6174
6581
974
9787
6815
8145
8704
5599
8476
6856
1971
2050
4894
137
7785
6498
685
4131
6064
4376
1294
1649
2222
1027
3259
1955
4127
7955
9244
8240
2136
4772
6484
5874
6959
2789
4560
8975
6185
4047
7589
8067
4883
9681
7062
4714
3133
6331
3336
5844
1372
9777
1083
3600
5324
3940
6053
1896
2631
3483
8024
921
3729
7688
2554
1238
6483
6031
1831
9906
1400
463
3428
9460
6450
6481
7045
1719
9592
1638
2072
1743
4463
2746
8507
3629
4564
5283
9253
786
96
1862
49
1021
6623
5681
8466
9919
296
4104
2574
9310
8003
9168
3356
9327
3660
2597
2315
2804
248
9823
8676
149
725
8893
2138
2598
7613
9995
4425
4097
2010
1392
4598
2094
4132
6760
9653
2478
5878
7316
8515
603
6289
5540
4980
963
5584
3672
8610
2267
7208
3754
7448
4353
5000
809
5552
7619
9470
1996
502
3319
2605
5589
7902
9271
9760
8028
5432
9788
2181
5550
8139
4552
215
3263
5569
2482
1259
8065
3120
1629
6156
3894
1806
185
8532
8766
9899
754
5587
119
6570
7870
8324
8544
6910
9907
4194
7153
8753
9001
5393
4031
788
6763
4094
2684
8795
6415
542
7656
6880
5286
2704
9555
9772
8729
8203
6636
6346
8349
9902
9869
9037
5277
4469
2137
5655
4834
7101
5933
7420
6022
9640
5085
998
6693
2697
4133
8775
2820
8212
7910
1735
2941
8471
494
8197
3800
5307
3707
4684
2593
4846
2870
9281
5343
556
2981
1937
2760
2610
1444
6593
2494
4036
3918
3580
6300
294
1113
3423
7144
8110
3958
7381
1611
6357
5386
5610
269
64
4457
4251
3570
8256
910
2889
9937
7407
5012
2420
1157
9422
4899
8761
3142
6980
6866
8846
1689
6665
4580
3625
5291
5518
765
2368
3662
8892
8007
427
2455
2721
8727
7169
7513
3031
7455
5169
9332
6482
145
1565
2218
329
2887
6427
2350
7528
6835
5177
9359
3202
6446
7137
8312
3663
5264
434
9728
6301
9374
2780
2033
2077
7564
5630
8291
9588
3944
6468
1476
8211
1857
2984
28
6664
8394
6163
8570
3821
439
9641
1709
1288
2282
3553
7138
9698
9462
9006
9984
9211
86
1039
6830
2352
481
708
1437
9535
950
2166
7462
8473
1777
3745
7932
3009
8116
4488
3873
6765
1352
8472
7550
9216
4102
2271
744
795
9135
4558
6742
3624
8609
995
6153
4646
5784
3811
3422
1497
3237
592
3127
5271
6850
2353
9610
3349
5026
3388
7390
8165
2240
629
5254
486
4776
8134
1209
5670
9390
1978
6150
559
7926
6894
1934
7819
2382
1826
3324
2320
6334
7728
6820
9806
5416
4073
9732
3561
9856
7815
7192
7175
5689
3004
2107
9531
7912
392
696
5247
458
2123
1680
2899
5710
2481
4891
1793
2824
8234
6240
2499
8064
8598
5860
130
4202
9496
2054
2773
4769
1279
8604
2417
2019
8088
5685
9241
8168
3226
2111
8150
4161
4617
6879
826
4504
6473
6157
906
8965
6119
4221
7606
183
3399
3714
8025
6456
5708
7008
2102
7108
4364
9213
9968
9259
3847
4733
1935
2915
1500
1856
1524
6633
5568
2411
8286
7177
1550
1736
9475
3155
2424
9284
5443
1892
5978
699
6543
4327
1237
8564
4286
980
9716
5146
8817
69
6191
2323
8246
2963
7861
1314
90
651
7651
6564
5915
7599
4800
9278
2448
3037
36
6222
1997
6965
4461
6870
3076
2821
2070
7565
4417
8274
9073
8972
3507
3888
7081
2331
6799
5294
9699
4806
3143
6572
9448
7188
8500
7975
5542
6988
7692
5828
6895
2509
7683
1351
8014
2363
8345
5330
9706
4539
6744
7718
9711
6336
5090
3199
7347
1243
9215
9719
9272
5826
7027
4083
4521
2750
5388
7006
2488
7280
3892
5861
9997
2514
6554
2290
8114
7171
8567
8148
1115
3012
8278
7047
4467
4453
7179
6783
5317
2582
6230
3529
4931
2437
8561
5768
1804
6490
7968
646
3241
6916
7988
4562
2728
5252
4033
818
1530
605
1326
1025
8932
3938
9993
8925
4042
7410
764
2903
4126
7713
6423
9544
342
9834
7702
8659
4429
2226
2228
6158
7216
1626
1045
7808
1785
6724
3183
1545
5743
3929
9405
4487
6757
3015
2917
1296
5316
475
969
9129
9943
1312
9664
159
9255
196
8519
1742
2914
197
3273
2784
3522
7605
3373
1423
2536
6512
776
4271
3657
9425
5538
7283
7535
2868
1871
5384
4614
1949
3968
4826
863
1884
178
1324
461
4985
4913
338
1633
3144
5311
5824
2945
9930
4248
3367
9185
448
2100
8973
7949
7254
8814
5615
6759
3649
1602
9749
1481
8953
5295
4072
1917
6011
6904
2633
7539
5200
8879
2332
894
7305
9759
7157
7806
6006
6547
3618
5651
971
3977
9692
9161
9800
5606
6604
5657
5131
895
9370
4312
5750
2110
6606
7616
8966
5379
1002
4175
7449
6231
6970
783
3725
2349
8618
7998
7963
2060
5574
9016
6749
5911
3548
2788
8377
8027
1029
6648
4756
2557
3547
6388
7855
7437
2966
6888
4941
3732
8428
8530
4426
4600
4445
8030
5806
3304
2
3080
9851
8513
6398
855
7496
7046
548
8483
7724
4862
6263
2407
7052
8638
7136
2846
9190
6610
9905
1405
5916
3311
5287
5556
9813
5851
6406
5559
9540
5383
7475
8050
1744
135
1818
6314
4250
6116
8410
9220
6673
930
8595
1525
8845
4110
6201
4728
2068
6297
583
2113
487
5167
7590
8926
8502
3582
6520
9313
6236
4338
8424
2613
2243
5682
1375
4015
5121
632
9052
1799
5704
8041
3869
2862
2207
1832
7585
5438
4613
9081
41
3558
3721
100
3498
4243
345
5577
7843
4746
3785
5349
1582
8367
9078
8655
721
700
5989
7113
9299
9543
8042
5422
386
5356
4320
741
3414
2506
4951
8225
8119
6405
7561
7320
5799
1448
6391
6069
9859
7049
8780
9854
38
2390
4316
4003
9438
7971
1509
9354
9815
9667
5588
1594
4795
4904
3934
893
5865
4866
6323
3831
7370
5889
5037
8316
1973
8734
9671
854
6453
5489
1791
1131
9339
4179
6370
6855
879
1246
4447
6737
3537
1639
7093
1652
2589
584
6991
2839
1221
4297
7181
5736
9798
934
8837
8987
290
9898
9721
332
3783
3000
6781
8194
4358
1188
7813
808
6844
5175
2394
1766
9920
1811
2155
748
8290
9889
1356
6979
4612
4754
3206
2990
4446
9724
6100
77
732
508
5493
6926
7706
1608
351
8862
683
445
2932
5494
6507
7732
9561
5052
3653
4030
9686
6794
330
5857
1865
1197
7021
3597
6443
5270
9035
3599
8035
3684
8516
1548
75
9076
3232
6082
6875
6290
2329
420
136
1159
1912
5128
6382
4473
1739
8686
2533
2676
5206
9031
1018
6408
1135
635
4656
1276
5687
7866
6271
9850
2367
6248
3925
8268
3278
8868
2255
9710
9491
7789
8287
8943
8587
4577
1568
246
5485
2859
9913
7484
5476
997
962
5585
7129
1257
602
9761
4218
9071
4816
5853
4222
6368
5079
2310
6768
7106
6170
7089
525
2397
5244
9385
3678
8339
3245
9458
2812
5898
8958
555
8492
4142
9304
4535
6304
1789
4699
2997
6563
2497
9622
9596
3443
8255
8743
9816
9560
4923
6778
5702
348
6409
7433
2467
746
781
2487
9309
3992
7295
8138
5714
2266
9415
737
4622
9593
9203
4762
2043
8908
7869
9459
4557
6711
5896
6692
2101
9954
2434
3394
4683
3996
4640
9455
8607
7896
9620
9523
9519
1988
1596
7514
4764
6080
5076
9950
9432
2205
6819
9345
2965
7030
1307
1206
9124
907
7473
5605
2313
847
4812
2230
7952
628
9051
3790
3268
7764
6552
4188
3284
4680
6021
8460
4470
5636
7583
8201
2967
1466
6208
1427
761
661
625
4065
8089
2305
237
6050
3834
9868
7736
2921
4454
2416
6813
3230
8085
4856
5163
9992
7007
2621
5405
4703
3886
2800
5210
1105
1776
2089
2563
9525
513
1569
1962
9541
7322
9471
3429
94
3879
2009
337
6884
180
540
918
5940
7611
8357
213
7200
7166
4571
1189
4489
1564
9461
4977
5528
2221
8857
7783
6587
7067
4875
9705
4770
2694
5581
9842
2474
2942
614
8843
766
9290
8697
2523
4163
121
8039
2652
9572
7647
9467
7602
978
6544
4668
684
8469
5486
5
4387
6461
2637
8832
866
501
1464
6234
3090
8282
558
7079
1874
3093
1699
9116
9914
7739
1893
6969
1435
8528
109
5133
1985
9342
6371
4938
43
9270
1114
8733
2723
7060
7483
514
1360
6008
5721
9967
1913
7236
8920
1236
7512
287
6907
2645
1947
4775
2041
7109
260
2200
3039
7767
861
9565
7414
6938
5673
2272
4208
5435
4402
8647
6977
7051
3395
3184
6215
7832
999
6627
7658
3132
9504
5660
7350
4234
704
897
6337
3820
3987
6525
7941
1620
9533
9408
278
2822
8445
5018
8344
1145
2566
6275
4840
7435
9219
8999
251
4745
9829
573
2961
4226
2307
2532
8716
3
4150
1004
7634
5375
4240
33
6868
4412
5882
7020
5368
5739
794
3107
306
3781
9635
8937
9055
4306
2526
6862
8313
5471
5551
1535
6198
8910
6322
4839
277
600
567
5941
3722
1313
3638
8238
1074
8707
4458
142
3401
1578
3027
17
9704
1292
3917
9003
2713
5102
3799
2260
1800
6708
5194
5377
2286
2972
9466
3318
9799
6821
2683
6402
5255
4315
4160
9163
8699
606
5694
5563
5905
9361
83
7709
7552
5795
1956
7768
2978
1807
1517
9809
58
7196
437
8665
6492
9176
880
1253
4024
4138
3856
2284
8608
2466
7894
943
7917
6467
1904
3740
1803
6982
5032
9981
2133
6626
6619
1929
1033
7167
9340
40
8933
9819
1903
4673
4079
8158
9053
8602
2922
593
5665
3344
1710
9152
3589
771
5503
7434
6682
1725
3420
9597
4259
3402
3332
2796
8443
357
4357
2191
1788
1475
8420
5211
4337
349
8725
3619
7691
1930
9837
179
6931
3130
516
8337
3197
3244
3215
8622
7117
6418
6631
4274
7125
7991
5867
6321
5626
5390
2982
2608
5129
8820
4360
883
7471
5359
4892
7746
4947
4329
4501
2988
7557
7402
5909
6209
9099
2000
4782
6075
1835
7299
134
5794
1487
3953
1256
4669
4186
845
3034
9948
7712
1127
4367
5872
9520
8382
790
6617
1830
2735
7198
7131
4725
6957
89
5260
9841
8404
7839
5045
176
3543
2418
3175
362
3271
5765
1228
4392
1834
9214
3491
1721
6836
3939
1859
9925
3216
673
497
4884
1129
4516
7481
7253
1636
7567
6268
6722
169
5015
2389
5808
7476
8183
3784
8068
2156
810
6111
153
8808
4066
1992
537
8554
5642
8678
1156
3695
7954
4522
7269
3673
4008
772
2399
7468
9972
7983
2450
5002
2229
8031
2810
898
821
4479
8360
1036
1584
125
4917
6816
9676
1547
9431
9762
520
3176
9191
6985
3233
1091
4987
3844
7548
168
8802
735
888
5891
568
5960
2028
7261
901
383
3466
6629
9208
9376
3150
5741
4119
3546
2459
9529
645
5683
8767
5987
2151
4597
9957
7359
6072
9855
8075
4500
3187
9410
2698
5241
6961
9188
7162
1964
3081
3767
739
7627
9092
1030
1026
4373
4632
3983
4332
6645
1187
5766
3285
2650
8421
9514
3050
6521
6939
4078
1761
1138
1463
8674
4652
3608
1290
4896
7957
3294
2851
4492
3902
7812
431
7220
2709
396
3482
9330
3371
266
5160
2211
4556
7001
4933
2948
6437
9935
5832
1272
1798
530
1843
140
3830
5120
7317
4777
3612
705
1231
2501
6378
238
9929
9973
4214
2542
7775
972
254
1567
7738
911
81
5363
7249
2733
5656
2991
7701
8869
3976
1274
3484
456
1876
1102
7542
1249
7638
7986
1624
5798
1872
8245
745
3640
4506
915
3513
7726
9757
7238
4880
8019
9089
6824
3159
299
6200
7498
1318
4796
5325
177
2544
4998
2913
4157
7297
6249
9670
7204
4879
8353
8700
6583
8639
9239
5662
743
9441
2324
3559
6372
7820
3606
5191
8040
5178
365
2649
8541
4748
1760
8451
6853
110
4644
5603
5600
1060
8298
8308
920
5171
6124
671
1695
5706
9758
4287
7088
2337
18
7324
7759
5931
1377
132
5115
3328
6987
1050
5047
5380
8745
4158
9897
8429
8809
2952
7086
3601
8596
857
4012
1130
4662
1480
678
8540
7257
7499
7860
3341
5062
3511
374
6717
6104
4228
4189
50
5901
793
9226
2372
7792
5008
2679
1133
6034
1245
30
5444
5846
3224
8343
6087
7285
1961
662
5897
3316
2134
1090
1717
778
8715
2912
5549
3156
655
4531
544
924
2615
5472
8334
6674
6716
4647
6161
5161
4514
4932
5505
8202
865
8097
7273
8883
4596
3632
9264
3540
8885
3045
6460
6299
6193
2707
953
9483
8873
1825
5338
5162
6647
60
2642
4918
5126
1373
6905
2357
3762
144
1108
2878
2835
511
9754
5140
8346
6812
6294
1939
5447
4324
5513
4219
6679
9782
8888
6802
1993
4064
2681
6143
2265
9153
5049
4751
7332
4455
2431
6145
8370
8669
2725
1254
3181
1853
5303
9947
3515
1019
8611
5900
7686
7053
2771
5737
192
9080
443
5937
7911
7428
2319
2623
6807
3114
2556
2246
5212
2491
2486
7068
4254
5225
1852
9567
9246
8230
5110
5258
4832
6822
6526
7405
2749
1632
9965
241
2814
4192
8992
8482
4089
6095
8738
4611
2344
2405
2321
3928
1529
1403
3366
4615
1555
2571
391
9875
9863
1715
1380
804
7970
6730
295
8648
6786
6611
7631
5387
6640
6981
8989
7773
958
5370
5153
5465
369
2239
7202
9938
9827
6206
7385
484
3926
7500
3952
5621
6510
1858
4169
4379
5715
4419
507
3970
850
3457
6244
9104
8450
7525
8584
9909
3523
6639
5300
5048
2150
3468
9048
7466
7173
666
6162
9402
9822
7644
7174
1681
6010
1067
8087
949
5100
1899
1434
642
8789
8319
1646
9041
3427
990
6747
8864
2165
7277
5921
8131
7667
5348
8599
7665
402
4321
4245
5602
4808
7787
7406
8664
4978
7
2174
7993
4968
6305
8081
45
5224
5174
9672
2943
3549
3710
1585
284
3908
5854
74
161
3162
9729
1034
599
6703
9824
7461
470
4095
1101
7495
9395
515
6440
4508
7356
9785
9589
718
8748
9172
9173
2139
7543
3895
3405
4278
8954
9755
4909
9126
6588
6668
3936
98
9061
6233
2249
1242
4729
9717
9826
4624
87
2120
6347
6130
3985
9251
652
3343
1968
4503
6638
1668
8797
4223
2412
1168
4962
4893
4096
7076
6801
3281
611
7532
2022
6274
4767
4799
7876
1109
8790
3255
1128
8399
9490
7058
6530
9979
4783
2493
5077
2677
2294
1540
2962
5866
9568
4914
5791
3071
8742
7114
5253
4056
7040
4972
3913
2761
7368
7796
1262
7831
4389
2173
7995
586
820
5805
6578
5272
8640
4858
2001
7895
4330
3947
6890
105
3182
9784
2827
1268
7801
2958
777
1028
8118
9633
1255
8448
4067
4041
9165
7558
3342
3703
7653
2042
7459
7664
5039
5856
3364
1474
832
2095
5690
5166
6784
4421
9018
577
9186
8731
8305
3212
6488
4431
7989
4200
322
4262
359
4374
1079
7033
8629
9743
8874
51
2643
4570
8779
5292
7966
2783
6706
9524
6159
8464
7863
7784
1347
8831
5596
9346
3585
7480
5215
464
4663
8771
5565
1693
6027
7133
8950
6380
6085
2062
1583
5775
8176
3105
2803
8836
8032
7640
1824
8393
34
7028
9774
4543
223
7463
8281
6508
7641
7652
1502
7422
727
9697
3021
2036
6740
4815
9294
8430
2764
2215
380
6298
9155
1780
8625
3061
2861
5723
8216
360
5415
4631
4691
8996
5659
7974
4901
2103
6545
9986
2178
5184
6183
4340
32
8352
3567
6352
3990
9648
9839
4849
9765
5757
44
2247
6847
7864
4526
5078
8663
411
6286
4063
6566
4805
5327
2209
1878
8470
1212
3583
8918
698
7930
8409
5936
1239
9157
1158
9072
8919
6032
7372
8272
6956
7158
1718
6678
6058
4
1544
1213
1430
2179
1465
7210
3535
2053
7105
6411
9918
5548
6741
8689
7948
447
7314
1121
1673
1677
166
9773
7842
8897
4101
3963
5209
5312
6714
5182
8529
701
2936
3512
8288
8889
9288
2105
979
2085
7189
5437
3969
3325
2530
5959
6553
5071
8044
2463
3306
7203
2685
7328
1118
8433
9115
5944
2408
2283
3611
2831
9166
2409
3193
5501
6513
8660
1593
9093
9351
1713
7032
6883
3481
4702
5818
7853
4128
265
8833
1889
2460
9709
9159
3667
9312
7761
8060
505
1226
8754
9557
184
6940
9684
1881
1219
3626
2920
1764
2169
784
5096
9673
4650
344
5582
7632
4576
6993
172
1845
8653
412
4484
415
4937
531
3063
3229
8079
3471
6576
1389
9786
3506
8593
1181
6605
5843
4016
4081
5326
5259
6350
3775
2335
2855
1727
6242
9221
6690
4205
9123
2235
4988
4261
101
9865
127
2237
1927
8558
2567
8481
9254
1378
5544
3664
9939
1970
9669
4416
5792
2182
3730
823
7821
4827
6015
6367
7753
7531
2525
8927
5204
498
3899
281
3350
4867
4217
7694
596
7228
1991
8069
8156
2510
8105
1327
93
6149
8804
1310
4910
3291
2263
8726
8350
6804
406
3064
9108
8096
6428
7956
7795
6307
4741
2464
8235
8849
5985
9959
2212
3642
4210
1925
7670
8694
9194
2056
5801
1870
8948
5498
5787
5381
3205
4135
3070
8633
7333
1483
6284
48
2447
1648
7579
8671
8061
6863
1657
3961
4253
7538
3389
2326
5845
822
6422
4460
4835
5340
6634
3432
5298
6172
8911
4317
2772
7071
9202
5508
5248
5992
8657
5785
57
1
8652
4991
5555
6147
1308
2114
4154
2834
6681
8098
3620
5411
4651
4706
8949
8756
619
8371
1070
288
7570
8615
9256
7182
2894
7506
1335
3824
54
7460
7576
5726
1599
5914
1512
9691
397
6171
8990
5753
1729
947
7041
6192
2795
1758
703
7178
5919
3211
7788
2624
726
6984
5762
5064
9722
3669
7164
9488
838
67
6131
4586
3348
3912
8859
9337
6306
7187
7371
1945
9873
5410
7945
7255
9817
6343
3421
47
6829
7668
9056
9650
1518
8366
8329
4674
371
7601
779
8084
9646
6773
6896
6232
5059
1753
5810
3565
6672
9845
762
9534
9369
937
710
2828
8259
8871
2196
2891
2937
4411
8437
7207
3675
8406
3250
768
2498
3756
4578
6758
8800
2312
5408
7338
7201
5099
6114
7274
7383
4356
6166
5318
9316
7571
7743
1504
4168
7134
1261
3287
9752
6329
8690
6723
7219
7636
6854
6803
7287
9379
2816
2392
4211
8335
7282
1055
2106
492
1819
4255
9335
2802
6500
6254
2562
7650
1778
8020
2666
6876
2115
1704
3950
2035
2664
7387
4822
336
3822
1559
1919
4953
2376
3129
4236
5424
2686
941
8311
8666
6214
2798
3251
1229
6584
3035
7689
7190
5280
9280
9605
7074
2927
3048
9263
4813
5081
2177
2425
7002
2636
6474
6148
3085
747
3980
4427
1124
8354
2011
1200
6269
8373
936
7891
8746
9223
6465
3919
669
3995
6986
9781
946
1353
5638
5822
8425
1650
791
7872
582
9150
1792
2074
9595
6318
1436
9087
1588
9866
7438
6476
7494
2219
4371
3065
8099
604
2511
1477
1035
4295
6919
2776
7375
7426
8552
1610
1837
7717
825
9517
1604
9307
9262
5009
7944
6974
3744
9371
3937
4855
881
8830
9234
1411
3778
3391
9571
591
1203
4264
5232
1467
3033
797
6038
8960
376
7264
3198
5188
6210
4844
6839
8115
331
8301
2116
7771
4092
1606
6079
4730
1670
9286
6133
4975
3584
4540
2819
8486
5373
7072
7355
1587
4021
7271
3437
9771
4037
2505
2896
5360
8218
886
1932
7259
8685
8821
2616
6614
5597
7334
2031
1374
4439
9613
1933
3850
1180
6052
6196
6504
5709
4653
2231
328
6089
7859
6927
5164
417
1844
3112
1714
2171
3006
6070
3617
8396
279
4182
8347
6731
653
3411
5717
293
1869
9510
8923
9029
6106
7574
9468
4323
5783
5521
8539
878
5234
8744
5198
7331
8503
4804
9131
8518
5527
2908
1058
6657
2639
7066
2316
6713
2452
849
2568
6808
3500
4790
4507
2318
1428
767
2992
4803
5402
526
5267
9065
6686
6407
6400
7379
426
1542
7635
7440
4559
9700
211
2049
852
1234
2030
1737
3942
8074
2124
6105
8997
8628
8565
4905
1196
8147
4709
798
8961
1905
1647
9
3967
5745
4930
5285
9878
8668
3407
6068
174
3637
1686
3907
2254
4952
1418
4170
343
8258
4281
428
3084
4080
6851
7987
8423
3631
5899
1148
5057
2983
8536
3889
9283
6852
4044
1723
8940
3203
451
6412
2192
5019
6914
731
8129
4550
7881
3665
3477
5956
2860
8922
3139
9625
2059
8263
9267
6579
3896
714
9398
5490
9146
8320
3100
8142
4536
2090
6997
1404
4983
5230
5114
9350
5830
9054
2722
4314
395
4831
4877
163
7523
6108
8886
8193
679
2224
1813
2087
3447
8835
5696
9476
1357
4873
942
1282
9132
7180
7469
7055
8986
2883
7693
9325
9976
7626
8358
6005
4361
2458
6635
868
9723
6590
3829
7218
5862
7485
2132
444
4495
801
7997
9896
7920
5265
6182
8321
3329
4105
8751
8840
2163
5319
6877
6501
9548
5965
5725
1678
7377
4907
8237
1521
1712
1325
1812
4062
6585
6218
3708
9590
4626
9482
8791
3998
9416
5499
247
1099
4493
477
6366
8439
3499
8921
4232
1322
9611
4035
8057
9964
224
6792
5238
7797
2654
4997
9027
512
3679
6893
6603
8336
6296
2195
6226
3396
4773
5804
3454
1178
3095
6780
8108
6549
5063
4625
3782
2360
5053
8048
5873
6451
3945
2076
462
6120
9125
877
4976
2716
111
5433
9778
2829
3552
5290
3194
4664
7099
7009
8113
4414
2201
5668
9513
6915
6785
1755
9353
5147
9160
1864
9970
5066
5423
4675
8401
7776
9891
5926
5821
2748
657
1461
8368
7094
4842
570
4863
4717
2893
7232
1401
9742
9518
9023
4829
3044
7757
7553
7217
5526
9114
814
2186
3369
3763
117
4343
3915
7240
3793
8459
5323
2647
1746
8875
7104
5213
8978
6869
6063
7048
9587
7120
133
926
5847
6344
199
2064
8626
390
5943
4354
256
147
9169
9797
8125
8342
8438
1270
9322
2149
9990
5315
8391
9516
1454
2340
3751
553
7609
2084
4925
1983
466
961
6922
4291
9619
2388
1364
7716
9378
7044
7554
6911
4144
9836
1609
3623
8269
3047
6152
5288
3240
8461
8285
4935
1077
9550
6710
7856
1273
7916
4529
5055
9059
1348
5918
7838
2449
4406
9015
7758
1891
9941
6213
8718
292
9279
3253
7278
8861
3911
2223
9419
8650
5881
839
1000
4939
155
9621
7225
5595
8365
6250
3946
2777
3024
1849
7591
6670
4534
5887
7477
8523
1366
3564
6950
2057
3541
8527
3957
275
8091
6774
1562
6283
216
1417
7534
1901
8847
9962
2172
6389
1703
7598
8387
3960
7421
3613
9946
5958
8213
8856
8
5570
7286
9740
3121
890
252
4524
8714
3351
398
1887
6828
4847
2012
644
8677
2336
3812
8322
7150
2752
3712
7085
3693
7907
8679
6212
7388
1046
5058
1635
928
5072
5841
5678
1771
763
1942
1020
2330
5935
6487
2619
82
7700
6302
5942
8192
5631
8244
7464
1510
9373
5478
6464
6115
1066
5436
2863
9474
7733
9802
5149
4054
1534
7715
3074
4502
2950
9553
3596
6968
1383
2901
837
9694
8747
3905
9608
4359
7453
6659
1422
9318
9607
4903
9591
5945
7586
419
9727
1402
9623
7873
5367
3124
6188
2576
5361
3117
9364
7279
158
2378
4302
6276
7289
7335
2690
3312
7828
9025
1354
7416
9102
7886
8750
3545
9690
6436
8215
817
7035
6990
4645
9334
5033
4641
1944
7777
2075
1631
2446
7042
1183
3108
2622
8592
5118
6796
8912
9007
1320
2792
9489
9734
3849
2250
6540
1779
3126
6562
4399
2702
8612
815
8236
6315
4757
8120
8497
2661
9043
8681
7304
1622
9547
2507
773
289
3377
905
8199
1008
7852
3346
623
1700
3901
9338
7629
6499
6772
6658
3652
8179
379
9297
2040
787
6414
506
4053
940
1674
7814
7401
8634
8327
368
2907
5024
3777
6478
2024
4482
5421
8866
3305
1749
812
3726
4326
2371
9295
8508
2916
6277
5511
4869
6363
8995
6791
1092
4242
1252
4365
8739
405
4661
4750
6569
8805
4229
3397
7503
8178
8924
2753
2909
7319
5740
1247
6712
8899
5313
1044
4058
9934
4076
1553
7878
9038
3641
200
6825
8959
7544
8521
201
8670
7595
6676
8457
8026
381
780
1123
7515
2502
1702
4943
7209
1873
973
3837
3438
7924
713
4857
6937
3874
1421
4045
6607
4401
4494
6417
9164
6575
1125
7270
7695
3808
1216
2928
8517
5558
5975
3011
240
6420
1473
8526
3089
4077
7547
9789
2600
5835
3274
1589
8122
2232
316
207
7223
6049
9387
8901
9521
6046
6094
9881
6842
8034
539
1397
4480
7445
6941
6324
4215
5269
7442
8172
1754
1458
8787
3266
7077
2257
5446
3169
9119
6518
5296
1151
722
3001
5864
318
4407
3906
3818
6342
372
952
8266
2039
5135
5183
222
3954
8543
6567
9060
5764
7725
4716
5983
5354
6146
8825
5054
6966
6734
3978
4178
5331
7978
1551
4010
8545
2884
4098
8755
7015
6628
165
3119
8878
8794
6207
8520
489
1642
4999
3602
2720
9249
239
5418
8851
5517
2119
9258
3246
7953
5777
6238
6127
1781
7826
7354
1575
6137
3753
802
5196
7004
7050
9682
4575
3146
4304
298
171
7879
1823
1289
473
3353
4006
541
9233
8022
1199
4490
1146
2339
7241
9558
3177
1605
8573
413
7365
8006
5598
7345
2845
8993
8546
8250
4198
6514
4690
5431
5912
5136
616
8884
7888
5546
7662
8796
7660
6353
6685
4346
9975
206
8208
6280
1023
3086
5979
5925
7786
4136
4459
1822
4145
5686
7672
8036
3087
7227
9554
3059
982
2670
3200
4172
6933
1515
1505
1787
4408
3154
738
7522
2032
1218
3828
8782
1387
5722
340
1986
8928
3610
4180
2964
457
834
5908
9058
8135
5001
3270
7569
63
8588
5711
5774
1329
9764
647
6223
1627
5425
262
7186
356
2026
4238
2682
6194
1574
694
2524
2778
9277
3078
9666
3813
8730
1251
7193
8838
7811
1134
5186
5262
9730
3984
5507
9487
2844
8667
3381
4075
3842
3036
4313
7923
6281
9265
2910
1416
3072
7065
1549
8511
9442
4086
1506
5758
6410
4906
1573
4959
4510
6837
6541
80
1595
8844
1765
8842
8037
3859
1333
2045
195
9615
4895
4050
7518
9577
8190
5341
9182
4191
1140
2872
8784
2007
4100
8412
5137
8929
8881
2351
3780
1393
302
5144
6936
8123
6134
9556
5357
4444
8947
5275
6889
2885
4712
580
9779
552
7580
5344
876
8182
1828
7504
4352
1526
6675
1981
5776
3136
5157
4859
3586
2577
358
7705
6101
9040
305
3195
122
9296
6160
5179
1902
3265
5519
6943
5531
4307
8691
527
9614
9261
3764
8021
5718
4809
6107
6591
5950
2718
5123
9656
9175
6707
7017
5276
1362
6989
7735
5218
1297
9303
8363
5151
1841
9703
2176
7063
5697
2289
9440
3014
1358
6480
6033
8224
4648
367
9872
2672
9532
6656
2204
2604
8046
6642
7315
2825
8452
9409
7649
190
1425
751
4165
1733
5041
517
62
6899
8262
7556
1082
4572
3533
5756
7155
7281
1817
335
70
4949
9103
8982
3442
2974
6913
4657
7790
1479
267
8100
7519
429
2646
5216
5495
9088
5838
2442
2703
8338
4742
2537
1728
2797
5073
1460
3317
4705
9835
9282
7612
6891
8703
3352
5289
7239
6229
409
2091
3563
8720
9564
3975
9266
5947
8348
923
1495
2475
6715
9218
6313
9260
1172
7639
7229
5695
8909
4819
388
4260
6996
4643
7594
6054
8196
5273
7272
8590
2140
3819
7451
4667
5399
1783
3674
7168
3846
4130
4341
5409
8594
4060
7394
3236
4634
5827
1367
7884
3372
3330
4878
6810
7559
4305
2167
2729
5036
2923
1442
5848
4293
9028
6680
4181
1738
7807
702
5481
8154
9546
7139
1503
400
2949
6495
6045
4483
9848
2443
4666
590
5240
1007
8643
9879
9170
6920
4793
9075
2678
9021
1705
1940
7128
2516
1232
1103
8916
3598
1179
5263
4005
7965
9195
2081
8323
2291
1675
2484
1095
3864
5586
3566
3374
7524
4335
9128
8140
116
3648
4409
728
760
6695
891
3408
5761
848
3485
5537
8109
320
7502
1149
5666
617
9542
229
4996
7791
668
829
4752
8127
1350
6168
7213
9502
2203
2592
5023
1089
2454
6361
452
6351
3426
7704
4396
7913
4213
9952
2618
7313
389
3622
534
7549
9229
4568
4025
8112
3991
1456
6517
3556
3030
5811
8333
2727
5707
6246
4681
3363
7527
8713
355
6653
59
1424
5414
2854
4587
2377
8710
4579
6102
4898
56
7551
314
1531
860
7928
2971
588
864
7312
6039
8980
7111
4700
9113
7774
1882
7352
9527
9832
3464
955
7474
6767
8318
2858
4325
9144
6399
7835
2503
9683
1976
3654
126
1682
7927
1833
7772
9867
4151
7854
4171
7825
4871
1452
8372
4410
8153
2135
300
4220
5963
948
5964
4442
2609
4676
9528
2275
6338
23
1104
9846
4761
8583
9971
4196
3055
6216
2359
3766
6239
3893
234
5219
453
1470
7130
5339
7226
4153
2968
8988
8818
6479
9688
8904
7973
4478
9998
1120
5672
7491
1805
414
3053
5732
4609
3898
1640
3082
8161
1763
7103
1923
2373
8055
6211
5251
3743
8205
1224
4108
4023
5625
3393
2738
4199
1922
1840
7847
187
7022
8402
9626
4689
9413
6444
3451
323
8547
204
7545
4207
3145
5233
5242
2837
1186
3651
221
3188
3797
2873
1532
8191
3742
4621
8646
8206
6515
8785
8038
3455
7699
3430
3774
7284
6589
2187
2248
1304
1590
7846
6493
8478
8983
7742
8512
3056
7224
7755
9394
3098
2398
7720
3355
9901
4721
3038
6954
4753
154
2951
3010
